[ 1352, 10, 5, 176, 1, 0, 0, 0, 0, 0, 0, 0, 9 ],
[ 0, 32, 1, 8, 3, 0, 0, 0, 0, 0, 0, 0, 0 ],
[ 1, 1, 56, 2, 0, 0, 0, 0, 1, 0, 0, 0, 5 ],
[ 0, 0, 1, 198, 1, 97, 40, 44, 1, 0, 0, 0, 3 ],
[ 0, 0, 0, 0, 21, 0, 0, 0, 2, 0, 0, 0, 3 ],
[ 0, 0, 0, 0, 0, 107, 10, 0, 89, 0, 0, 0, 8 ],
[ 0, 0, 0, 0, 0, 3, 98, 2, 7, 34, 0, 0, 11 ],
[ 0, 0, 0, 0, 0, 0, 8, 121, 0, 5, 25, 0, 9 ],
[ 0, 0, 0, 0, 0, 0, 1, 0, 336, 24, 0, 0, 145 ],
[ 0, 0, 0, 0, 0, 0, 0, 0, 0, 281, 10, 0, 93 ],
[ 0, 0, 0, 0, 0, 0, 0, 0, 0, 4, 171, 0, 44 ],
[ 195, 1, 4, 4, 0, 2, 2, 1, 78, 54, 26, 0, 0 ],
[ 0, 0, 0, 0, 0, 0, 0, 0, 0, 0, 0, 0, 0 ]
